rmse=21.267050632093074
r2=0.0004354768855743263
