rows=3066766
columns=19
avg_trip_distance=3.8473420306601414
avg_fare_amount=18.36706861234247
avg_total_amount=27.02038310708492
