rmse=7.852928504728319
r2=0.863711381091208
